magnitude,freq,start,end,hour
1.7924048272161462e-14,0.0,2024-03-25,2024-03-29,0.0
0.4653291755956888,0.0016666666666666,,,
0.8244224217404004,0.0033333333333333,,,
1.0,0.005,,,
0.9644058891138209,0.0066666666666666,,,
0.7467456926586616,0.0083333333333333,,,
0.4292944005203971,0.01,,,
0.19350807155573133,0.0116666666666666,,,
0.31715993218726735,0.0133333333333333,,,
0.4414050397915053,0.015,,,
0.4304053873650411,0.0166666666666666,,,
0.30262036307932527,0.0183333333333333,,,
0.14447967290554223,0.02,,,
0.17860836624262016,0.0216666666666666,,,
0.2904406368519678,0.0233333333333333,,,
0.32286657961585474,0.025,,,
0.2633572867783822,0.0266666666666666,,,
0.14116336642412652,0.0283333333333333,,,
0.029795675181336932,0.03,,,
0.11807882965637347,0.0316666666666666,,,
0.168447794064304,0.0333333333333333,,,
0.15362652880018,0.035,,,
0.09069261357328838,0.0366666666666666,,,
0.02694661079264659,0.0383333333333333,,,
0.06725868807860341,0.04,,,
0.0915731271324389,0.0416666666666666,,,
0.07132029676671114,0.0433333333333333,,,
0.018102177069390785,0.045,,,
0.047153032610217686,0.0466666666666666,,,
0.09396364768833354,0.0483333333333333,,,
0.10557175840741484,0.05,,,
0.07768622686565442,0.0516666666666666,,,
0.024660631291974062,0.0533333333333333,,,
0.050454891356104176,0.055,,,
0.09968244718969957,0.0566666666666666,,,
0.1180183988032323,0.0583333333333333,,,
0.09992037583849447,0.06,,,
0.0540300600626874,0.0616666666666666,,,
0.010111718639477116,0.0633333333333333,,,
0.05051229243024836,0.065,,,
0.07125809918881969,0.0666666666666666,,,
0.06246440017644388,0.0683333333333333,,,
0.03285449775151883,0.07,,,
0.025799935461441326,0.0716666666666666,,,
0.05349797970477008,0.0733333333333333,,,
0.06447877814418285,0.075,,,
0.05058423086995606,0.0766666666666666,,,
0.017233442630280663,0.0783333333333333,,,
0.022743709675058534,0.08,,,
0.053712512088960336,0.0816666666666666,,,
0.06446191957194633,0.0833333333333333,,,
0.05150363952748788,0.085,,,
0.0203901120513102,0.0866666666666666,,,
0.01675359415169388,0.0883333333333333,,,
0.045826683113415596,0.09,,,
0.05632428641853821,0.0916666666666666,,,
0.04496432110019634,0.0933333333333333,,,
0.01676023178134226,0.095,,,
0.01749980911146569,0.0966666666666666,,,
0.04450740733487,0.0983333333333333,,,
0.054809678093803264,0.1,,,
0.04528402331558594,0.1016666666666666,,,
0.02069938120222043,0.1033333333333333,,,
0.01275624551673351,0.105,,,
0.036171330571682744,0.1066666666666666,,,
0.045698559183060636,0.1083333333333333,,,
0.03770012391280312,0.11,,,
0.016448138561667925,0.1116666666666666,,,
0.01125283626869742,0.1133333333333333,,,
0.03049671467250535,0.115,,,
0.036274163762608246,0.1166666666666666,,,
0.02590088651628602,0.1183333333333333,,,
0.0036592117132479346,0.12,,,
0.0220720252880002,0.1216666666666666,,,
0.04069887337148469,0.1233333333333333,,,
0.04508448437326134,0.125,,,
0.03337623495609049,0.1266666666666666,,,
0.010350393496827844,0.1283333333333333,,,
0.018033653140321487,0.13,,,
0.03797250818110272,0.1316666666666666,,,
0.04421327834024894,0.1333333333333333,,,
0.03457513151110301,0.135,,,
0.013026594087086268,0.1366666666666667,,,
0.012596287475244227,0.1383333333333333,,,
0.03208568216374466,0.14,,,
0.03881448381405407,0.1416666666666666,,,
0.030649895592083212,0.1433333333333333,,,
0.011451980191397653,0.145,,,
0.013019158474887216,0.1466666666666666,,,
0.030583341968321888,0.1483333333333333,,,
0.03632858813078777,0.15,,,
0.02797676159725198,0.1516666666666666,,,
0.009026391332253234,0.1533333333333333,,,
0.014215650628248715,0.155,,,
0.0316102207656811,0.1566666666666666,,,
0.0374565919599044,0.1583333333333333,,,
0.02959813091950698,0.16,,,
0.011121401592167277,0.1616666666666666,,,
0.011155569390145581,0.1633333333333333,,,
0.028808058440935747,0.165,,,
0.035699018184670576,0.1666666666666666,,,
0.02974611502366469,0.1683333333333333,,,
0.014004643898714681,0.17,,,
0.008010573226527512,0.1716666666666667,,,
0.022763289995894467,0.1733333333333333,,,
0.02840645567322859,0.175,,,
0.02224102003260905,0.1766666666666666,,,
0.007135916912981994,0.1783333333333333,,,
0.012266797974571449,0.18,,,
0.026543512450126906,0.1816666666666666,,,
0.03126674784649579,0.1833333333333333,,,
0.024580553817906556,0.185,,,
0.00913753145070246,0.1866666666666666,,,
0.009065095893554828,0.1883333333333333,,,
0.023031844487708043,0.19,,,
0.027468188336907774,0.1916666666666666,,,
0.020804642917477214,0.1933333333333333,,,
0.005999005524996955,0.195,,,
0.012294963226940004,0.1966666666666666,,,
0.02545767779858257,0.1983333333333333,,,
0.02917504977864781,0.2,,,
0.021876786016679566,0.2016666666666667,,,
0.006757106261498728,0.2033333333333333,,,
0.01302042154544257,0.205,,,
0.026896382855699313,0.2066666666666667,,,
0.031543056752450796,0.2083333333333333,,,
0.02516954559402153,0.21,,,
0.010277537175007666,0.2116666666666666,,,
0.00768160068015059,0.2133333333333333,,,
0.021698474455746925,0.215,,,
0.02685720124001665,0.2166666666666666,,,
0.021396623808420837,0.2183333333333333,,,
0.0076698656319844245,0.22,,,
0.009354527349288336,0.2216666666666666,,,
0.022583169503671955,0.2233333333333333,,,
0.027367695116500182,0.225,,,
0.021901376866725393,0.2266666666666666,,,
0.008304406665880393,0.2283333333333333,,,
0.008292084622676096,0.23,,,
0.021660581189732568,0.2316666666666667,,,
0.026920845509895514,0.2333333333333333,,,
0.022289398455283372,0.235,,,
0.00972466508026038,0.2366666666666667,,,
0.005983122893413366,0.2383333333333333,,,
0.018755700683703976,0.24,,,
0.0240143124895945,0.2416666666666666,,,
0.02002132132877026,0.2433333333333333,,,
0.00865994122496712,0.245,,,
0.005823704243638989,0.2466666666666666,,,
0.017112877181117772,0.2483333333333333,,,
0.021293527490969882,0.25,,,
0.016801647093320313,0.2516666666666667,,,
0.005960961053946801,0.2533333333333333,,,
0.009027273085897815,0.255,,,
0.019187684762987402,0.2566666666666667,,,
0.02217879521984814,0.2583333333333333,,,
0.01648014567800497,0.26,,,
0.004174171001712942,0.2616666666666666,,,
0.010311490653393231,0.2633333333333333,,,
0.0211729617835442,0.265,,,
0.024333265502486573,0.2666666666666666,,,
0.01844805511698162,0.2683333333333333,,,
0.005644796962407524,0.27,,,
0.009681030629921488,0.2716666666666666,,,
0.02149351793773595,0.2733333333333334,,,
0.025665709912109185,0.275,,,
0.020674485062892625,0.2766666666666666,,,
0.008573851785521367,0.2783333333333334,,,
0.007443627583680129,0.28,,,
0.01945597402553103,0.2816666666666667,,,
0.024499808813222994,0.2833333333333333,,,
0.020626817969183368,0.285,,,
0.009432546738027509,0.2866666666666667,,,
0.005159116857914835,0.2883333333333333,,,
0.017210960766623276,0.29,,,
0.022835786950416118,0.2916666666666667,,,
0.02016792876965128,0.2933333333333333,,,
0.010670538693600483,0.295,,,
0.003685185001277467,0.2966666666666667,,,
0.013517652111990122,0.2983333333333333,,,
0.018264638481702785,0.3,,,
0.015461390864384618,0.3016666666666667,,,
0.006531490745266509,0.3033333333333333,,,
0.005902357745734493,0.305,,,
0.015231494333112529,0.3066666666666667,,,
0.018849548518144972,0.3083333333333333,,,
0.015139713745848157,0.31,,,
0.005586077192699826,0.3116666666666667,,,
0.006468448024172538,0.3133333333333333,,,
0.015788176573606063,0.315,,,
0.019090847512850062,0.3166666666666667,,,
0.015031605238271382,0.3183333333333333,,,
0.00525150257079429,0.32,,,
0.007069431273468545,0.3216666666666667,,,
0.01638853401983058,0.3233333333333333,,,
0.019604132214749406,0.325,,,
0.01539797154979509,0.3266666666666666,,,
0.005531749421290242,0.3283333333333333,,,
0.007462075164647978,0.33,,,
0.01705075224086992,0.3316666666666666,,,
0.02066942229307459,0.3333333333333333,,,
0.016892527953618765,0.335,,,
0.007234591405736861,0.3366666666666666,,,
0.004848925547331499,0.3383333333333334,,,
0.014367290951446472,0.34,,,
0.018067928888835905,0.3416666666666667,,,
0.014625385857579875,0.3433333333333334,,,
0.005749727565943623,0.345,,,
0.006614287340864618,0.3466666666666667,,,
0.01534238087012759,0.3483333333333333,,,
0.018514058352210094,0.35,,,
0.014717324785446455,0.3516666666666667,,,
0.005514184825862197,0.3533333333333333,,,
0.006128392560356335,0.355,,,
0.014803573479676568,0.3566666666666667,,,
0.01770350416748047,0.3583333333333333,,,
0.013600795383733743,0.36,,,
0.0043273634185744345,0.3616666666666667,,,
0.008099406083256773,0.3633333333333333,,,
0.01702154767487365,0.365,,,
0.020156466614370767,0.3666666666666667,,,
0.016216586922298954,0.3683333333333333,,,
0.006698748873870185,0.37,,,
0.004859574419755381,0.3716666666666667,,,
0.013982721025593297,0.3733333333333333,,,
0.017338307369067645,0.375,,,
0.01372669721193177,0.3766666666666667,,,
0.004787543733724915,0.3783333333333333,,,
0.00692970498233735,0.38,,,
0.015601936308996665,0.3816666666666667,,,
0.018678854254073264,0.3833333333333333,,,
0.014911565411776875,0.385,,,
0.0059501145380977324,0.3866666666666667,,,
0.00605605070782711,0.3883333333333333,,,
0.014529803247664478,0.39,,,
0.017495420608768412,0.3916666666666667,,,
0.013652868234992701,0.3933333333333333,,,
0.004987542288622913,0.395,,,
0.007915472872105443,0.3966666666666666,,,
0.016416193218741115,0.3983333333333334,,,
0.019386189182451965,0.4,,,
0.015432470618440155,0.4016666666666666,,,
0.006217844982497714,0.4033333333333334,,,
0.006561183536235454,0.405,,,
0.015604417381226594,0.4066666666666667,,,
0.019245250091252237,0.4083333333333334,,,
0.01596848936136867,0.41,,,
0.0071618692284798145,0.4116666666666667,,,
0.004683012985145731,0.4133333333333334,,,
0.013647583245173161,0.415,,,
0.01749731536789838,0.4166666666666667,,,
0.014719810457661428,0.4183333333333333,,,
0.006557995532376634,0.42,,,
0.003932442401225256,0.4216666666666667,,,
0.012279372375564902,0.4233333333333333,,,
0.015529545274589251,0.425,,,
0.012428459929566845,0.4266666666666667,,,
0.00427005015044613,0.4283333333333333,,,
0.005686868517101548,0.43,,,
0.013425928257065725,0.4316666666666667,,,
0.015817518940206905,0.4333333333333333,,,
0.01178077865643854,0.435,,,
0.002772298380945144,0.4366666666666667,,,
0.008004048188890377,0.4383333333333333,,,
0.01624813356660124,0.44,,,
0.018870397082073657,0.4416666666666667,,,
0.014764870970723383,0.4433333333333333,,,
0.005372676237226595,0.445,,,
0.005998086813264217,0.4466666666666667,,,
0.015042600548939787,0.4483333333333333,,,
0.018593687754618882,0.45,,,
0.015450243977673353,0.4516666666666667,,,
0.006955088206655231,0.4533333333333333,,,
0.003703521901536285,0.455,,,
0.0122044072251349,0.4566666666666667,,,
0.0155262325120932,0.4583333333333333,,,
0.01247044479313247,0.46,,,
0.004360273684881266,0.4616666666666666,,,
0.00553418787228708,0.4633333333333334,,,
0.013223674867596465,0.465,,,
0.015610344065274707,0.4666666666666667,,,
0.011652390847306314,0.4683333333333334,,,
0.0028294068024121346,0.47,,,
0.007655116943161392,0.4716666666666667,,,
0.01554440162724996,0.4733333333333334,,,
0.01782796819534682,0.475,,,
0.013503716869586993,0.4766666666666667,,,
0.004107686165358844,0.4783333333333334,,,
0.0068521796596326045,0.48,,,
0.01521775121196644,0.4816666666666667,,,
0.017764685218699266,0.4833333333333333,,,
0.013443585618517634,0.485,,,
0.0038048131312794584,0.4866666666666667,,,
0.007568545286333166,0.4883333333333333,,,
0.0163864023207851,0.49,,,
0.019287605227442262,0.4916666666666667,,,
0.015119588969800509,0.4933333333333333,,,
0.00555795836027146,0.495,,,
0.007001399133133021,0.4966666666666667,,,
0.016300754580346074,0.4983333333333333,,,
0.019883790319834678,0.5,,,
